-0.4999921736307369 -0.3684622117955817
0.2556053225468894 -0.04134986786297512
0.03276723766025835 -0.2810408135699488
0.1225857232168695 -0.1681712063145937
-0.1917130745079771 -0.275484787925881
-0.4405744986197409 -0.3510708398769622
-0.07698855663590341 -0.1862482844812404
-0.1854691663192491 -0.3012048895353107
-0.07358744628287303 -0.2442652455687651
-0.1947889358766837 -0.2453242256083256
-0.1115948506501168 -0.2570192703886547
-0.1300957187263357 -0.2277529849250929
0.1575579635038878 -0.12607971324585