-0.4999921736307369 -0.3684622117955817
0.2556053225468894 -0.04134986786297512
0.03276723766025835 -0.2810408135699488
0.1225857232168695 -0.1681712063145937
-0.1917130745079771 -0.275484787925881
-0.4405744986197409 -0.3510708398769622
-0.07698855663590341 -0.1862482844812404
-0.1854691663192491 -0.3012048895353107
-0.07358744628287303 -0.2442652455687651
-0.1947889358766837 -0.2453242256083256
-0.1115948506501168 -0.2570192703886547
-0.1300957187263357 -0.2277529849250929
0.1575579635038878 -0.12607971324585
-0.0380230849611967 -0.2281021494694263
-0.05475267343213296 -0.263939998117512
-0.06928879315136539 -0.2258611806525645
0.09697516859722349 -0.1897630978320249
0.000211535773278032 -0.2263089810962553
-0.1707144275741244 -0.2656650063052445
-0.119657186034808 -0.2726412193992983
-0.1148307082790981 -0.206363488082152
-0.1591526190741291 -0.2593091968400297
0.06049128878446561 -0.1651301233602946
-0.06041715995794167 -0.282205019517651
0.1081753568272624 -0.1625681356356974
0.06532208694513512 -0.1678212341419343
0.006830129972842668 -0.1539775149422672
-0.06643572979156695 -0.2310147028567326
-0.04347060923463517 -0.2896660664827104
-0.1114934642359447 -0.2474723385204277
-0.02989066094566743 -0.2136413966796849
-0.03009024372958478 -0.221485009194663
-0.03990044113724495 -0.2314022699948703